t=  0.0000000000E+00 <phi**2>=  0.588568E+01 heat fluxes:  -0.209087E-01
t=  0.0000000000E+00 <phi**2>=  0.588568E+01 energy exchange:   0.193100E-13
t=  0.0000000000E+00 <phi**2>=  0.588568E+01 heat fluxes:  -0.209087E-01
t=  0.0000000000E+00 <phi**2>=  0.588568E+01 energy exchange:   0.193100E-13
